#ZVView-data-copy:  22-Jun-2021 19:05:12
#=======================================
#
#name:   ENDF/B-VII.1: HE-3(HE3,2P)HE-4
#X.axis: Incident Energy
#Y.axis: Cross Section
#wdata:  2
#ldata:  260
#data...
#            X            Y
#          MeV        barns
         0.004            0 
         0.006   4.8542e-36 
         0.008   5.2896e-31 
          0.01   1.4104e-27 
         0.012   4.6836e-25 
         0.014   4.2135e-23 
         0.016   1.5693e-21 
         0.018   3.1181e-20 
          0.02    3.887e-19 
         0.025   5.2537e-17 
          0.03   1.9304e-15 
         0.035   3.1376e-14 
          0.04   2.9419e-13 
         0.045   1.8646e-12 
          0.05   8.8405e-12 
     0.0547723  3.17142e-11 
     0.0573266  5.86996e-11 
      0.058648  7.94127e-11 
     0.0593202  9.22395e-11 
     0.0596591  9.93759e-11 
          0.06   1.0704e-10 
     0.0604306   1.1746e-10 
     0.0608462  1.28356e-10 
      0.061243  1.39581e-10 
     0.0616259  1.51219e-10 
     0.0619912  1.63113e-10 
     0.0623434  1.75351e-10 
     0.0627964  1.92274e-10 
      0.063224  2.09551e-10 
     0.0636276  2.27092e-10 
     0.0640083  2.44805e-10 
     0.0643673  2.62607e-10 
       0.06487  2.89444e-10 
     0.0653249  3.15762e-10 
      0.065745  3.41912e-10 
     0.0662461  3.75573e-10 
     0.0667041  4.08834e-10 
     0.0671075  4.40232e-10 
     0.0676287  4.83912e-10 
     0.0679206  5.09999e-10 
     0.0684346  5.58916e-10 
     0.0689687   6.1404e-10 
     0.0693353  6.54562e-10 
     0.0697777  7.06563e-10 
     0.0702927  7.71585e-10 
     0.0708544  8.48376e-10 
      0.071394   9.2834e-10 
     0.0719037    1.0098e-9 
     0.0723848   1.09232e-9 
     0.0728388    1.1755e-9 
     0.0732669   1.25894e-9 
     0.0738668   1.38446e-9 
     0.0744096   1.50727e-9 
     0.0749112   1.62903e-9 
     0.0755292   1.79067e-9 
      0.076074   1.94454e-9 
     0.0765541   2.08944e-9 
     0.0771621   2.28632e-9 
     0.0776748   2.46456e-9 
     0.0782497    2.6786e-9 
     0.0788703   2.92752e-9 
     0.0794332   3.17023e-9 
          0.08     3.432e-9 
     0.0805911   3.72452e-9 
     0.0811492   4.02017e-9 
     0.0816759    4.3175e-9 
     0.0824068   4.76127e-9 
     0.0830832   5.20628e-9 
     0.0836954   5.63934e-9 
      0.084261    6.0666e-9 
     0.0849579    6.6309e-9 
     0.0855723    7.1652e-9 
     0.0863674   7.91091e-9 
     0.0868134   8.35746e-9 
     0.0875993   9.19702e-9 
     0.0884172   1.01462e-8 
     0.0889793   1.08459e-8 
     0.0896585   1.17459e-8 
     0.0902968   1.26489e-8 
     0.0911556   1.39563e-8 
     0.0919338   1.52385e-8 
     0.0926537   1.65125e-8 
     0.0935137    1.8152e-8 
     0.0943009   1.97718e-8 
     0.0949951   2.13003e-8 
     0.0958936   2.34261e-8 
     0.0963975   2.46952e-8 
     0.0972858   2.70738e-8 
     0.0982104   2.97525e-8 
     0.0988458   3.17204e-8 
     0.0996138   3.42441e-8 
      0.100571   3.76255e-8 
      0.101399   4.07687e-8 
      0.102198   4.40129e-8 
      0.103229   4.85139e-8 
      0.104205   5.31249e-8 
      0.105128   5.78202e-8 
      0.106001   6.25748e-8 
      0.106826   6.73647e-8 
      0.107973   7.45275e-8 
      0.109035   8.17251e-8 
      0.109999   8.87414e-8 
       0.11089   9.56742e-8 
       0.11199   1.04844e-7 
      0.112961    1.1354e-7 
      0.113818     1.217e-7 
      0.114927   1.32981e-7 
      0.116175   1.46697e-7 
      0.117476   1.62224e-7 
      0.118371   1.73682e-7 
      0.119455   1.88432e-7 
      0.120579    2.0482e-7 
       0.12171   2.22453e-7 
       0.12278   2.40267e-7 
      0.123791   2.58172e-7 
      0.125212   2.85167e-7 
      0.126502   3.11639e-7 
      0.127697   3.37933e-7 
      0.129173   3.72906e-7 
       0.13048   4.06254e-7 
      0.131633   4.37698e-7 
      0.133099   4.80477e-7 
      0.134338   5.19249e-7 
      0.135732   5.65853e-7 
      0.137241   6.20096e-7 
      0.138614   6.73021e-7 
          0.14    7.3013e-7 
      0.141727   8.06617e-7 
       0.14333   8.83295e-7 
      0.144785   9.57879e-7 
      0.146133   1.03142e-6 
      0.147798   1.12848e-6 
      0.149271    1.2203e-6 
      0.151183    1.3483e-6 
      0.152258   1.42487e-6 
      0.154157   1.56863e-6 
      0.156141   1.73089e-6 
      0.157509   1.85028e-6 
      0.159165   2.00361e-6 
      0.161182   2.20362e-6 
      0.163352   2.43602e-6 
      0.165346   2.66625e-6 
       0.16711   2.88402e-6 
      0.169402   3.18755e-6 
      0.170692   3.36907e-6 
      0.172973   3.70984e-6 
      0.175357   4.09427e-6 
      0.177001   4.37706e-6 
      0.178995   4.74009e-6 
      0.181189   5.16614e-6 
       0.18344   5.63332e-6 
      0.185433   6.07359e-6 
      0.188022   6.68485e-6 
      0.190763   7.38279e-6 
      0.193032   8.00161e-6 
      0.195492   8.71705e-6 
      0.197733   9.41048e-6 
           0.2    1.0154e-5 
      0.202397   1.09873e-5 
      0.205453   1.21241e-5 
      0.208046   1.31568e-5 
      0.210972   1.44007e-5 
      0.213194   1.54029e-5 
       0.21657   1.70255e-5 
          0.22    1.8802e-5 
      0.223467   2.06915e-5 
       0.22641   2.24182e-5 
      0.229734   2.45111e-5 
      0.233212   2.68743e-5 
      0.237067   2.97129e-5 
      0.242413   3.39604e-5 
      0.246425   3.73692e-5 
      0.249751   4.04054e-5 
      0.253364   4.39328e-5 
      0.256661   4.73699e-5 
       0.26242   5.37769e-5 
      0.266708   5.88516e-5 
      0.271205   6.45869e-5 
      0.276196   7.14829e-5 
      0.282425    8.0759e-5 
       0.28672   8.75175e-5 
      0.291394   9.53877e-5 
      0.295666  0.000103074 
      0.305837  0.000122577 
      0.311037  0.000133293 
       0.31566  0.000143436 
      0.321572  0.000157297 
      0.326605  0.000169923 
      0.332303  0.000185179 
      0.338518  0.000203049 
      0.344211  0.000220601 
          0.35   0.00023967 
      0.355891  0.000258533 
      0.363442  0.000284381 
      0.369885  0.000307991 
      0.377194  0.000336597 
      0.382771  0.000359783 
       0.39129   0.00039759 
      0.408556  0.000480036 
      0.415857  0.000516951 
      0.424142  0.000561412 
      0.433202    0.0006133 
      0.441521  0.000664087 
      0.462011  0.000796508 
      0.474732  0.000885096 
      0.483606  0.000951082 
      0.494475   0.00103679 
      0.512057   0.00118011 
       0.52129   0.00125905 
      0.535453   0.00138748 
      0.562095   0.00164634 
      0.578375   0.00181412 
      0.592703   0.00197148 
           0.6    0.0020552 
      0.611673    0.0021824 
      0.632651   0.00242423 
      0.655038   0.00270171 
      0.670754    0.0029089 
      0.690112   0.00317861 
           0.7    0.0033227 
      0.723762   0.00364827 
      0.742112   0.00391322 
      0.770513   0.00434715 
           0.8    0.0048292 
      0.823907   0.00520501 
      0.861113   0.00582427 
           0.9    0.0065172 
      0.942457   0.00725861 
      0.980439   0.00796088 
             1    0.0083371 
       1.04881   0.00924465 
       1.17418     0.011702 
       1.27424    0.0137222 
       1.44914    0.0173471 
           1.6     0.020573 
       1.74929    0.0238493 
           1.9     0.027289 
             2     0.029658 
       2.36435    0.0363354 
             3      0.04825 
           3.5      0.05643 
             4      0.06404 
           4.5      0.07047 
             5      0.07602 
           5.5     0.080293 
           6.5     0.086661 
           7.5     0.092421 
           8.5     0.097571 
           9.5      0.10211 
       10.4881     0.105949 
            11      0.10778 
            12       0.1108 
            13      0.11321 
            14      0.11501 
            15      0.11621 
            16      0.11679 
            17      0.11676 
            18      0.11613 
            19      0.11489 
            20      0.11303 
//
#-------------------------------------------------------------------------------