    Te [eV]    Lz of Fe [Wcm^3]     Lz is for total radiated power
    2.51189E+02    3.06378E-26
    2.54097E+02    3.08033E-26
    2.57040E+02    3.09825E-26
    2.60016E+02    3.10542E-26
    2.63027E+02    3.11250E-26
    2.66073E+02    3.12073E-26
    2.69153E+02    3.13013E-26
    2.72270E+02    3.14073E-26
    2.75423E+02    3.15253E-26
    2.78612E+02    3.16557E-26
    2.81838E+02    3.17986E-26
    2.85102E+02    3.19541E-26
    2.88403E+02    3.21226E-26
    2.91743E+02    3.23042E-26
    2.95121E+02    3.24991E-26
    2.98538E+02    3.27075E-26
    3.01995E+02    3.29297E-26
    3.05492E+02    3.31657E-26
    3.09030E+02    3.34159E-26
    3.12608E+02    3.36803E-26
    3.16228E+02    3.39592E-26
    3.19889E+02    3.42738E-26
    3.23594E+02    3.45020E-26
    3.27341E+02    3.46958E-26
    3.31131E+02    3.49018E-26
    3.34965E+02    3.51203E-26
    3.38844E+02    3.53513E-26
    3.42768E+02    3.55949E-26
    3.46737E+02    3.58513E-26
    3.50752E+02    3.61206E-26
    3.54813E+02    3.64029E-26
    3.58922E+02    3.66983E-26
    3.63078E+02    3.70068E-26
    3.67282E+02    3.73285E-26
    3.71535E+02    3.76635E-26
    3.75837E+02    3.80117E-26
    3.80189E+02    3.83733E-26
    3.84592E+02    3.87481E-26
    3.89045E+02    3.91362E-26
    3.93550E+02    3.95375E-26
    3.98107E+02    3.99519E-26
    4.02717E+02    4.02873E-26
    4.07380E+02    4.05609E-26
    4.12098E+02    4.08444E-26
    4.16869E+02    4.11374E-26
    4.21697E+02    4.14399E-26
    4.26580E+02    4.17515E-26
    4.31519E+02    4.20720E-26
    4.36516E+02    4.24011E-26
    4.41570E+02    4.27386E-26
    4.46684E+02    4.31329E-26
    4.51856E+02    4.35671E-26
    4.57088E+02    4.40059E-26
    4.62381E+02    4.44491E-26
    4.67735E+02    4.48963E-26
    4.73151E+02    4.53472E-26
    4.78630E+02    4.58014E-26
    4.84172E+02    4.62584E-26
    4.89779E+02    4.67177E-26
    4.95450E+02    4.71790E-26
    5.01187E+02    4.75801E-26
    5.06991E+02    4.78735E-26
    5.12861E+02    4.81654E-26
    5.18800E+02    4.84551E-26
    5.24807E+02    4.87420E-26
    5.30884E+02    4.90254E-26
    5.37032E+02    4.93045E-26
    5.43250E+02    4.95785E-26
    5.49541E+02    4.98466E-26
    5.55904E+02    5.01077E-26
    5.62341E+02    5.03610E-26
    5.68853E+02    5.06053E-26
    5.75440E+02    5.08396E-26
    5.82103E+02    5.10626E-26
    5.88844E+02    5.12733E-26
    5.95662E+02    5.14703E-26
    6.02560E+02    5.16523E-26
    6.09537E+02    5.18180E-26
    6.16595E+02    5.19660E-26
    6.23735E+02    5.21027E-26
    6.30957E+02    5.22099E-26
    6.38263E+02    5.23081E-26
    6.45654E+02    5.23961E-26
    6.53131E+02    5.24733E-26
    6.60693E+02    5.25385E-26
    6.68344E+02    5.25906E-26
    6.76083E+02    5.26286E-26
    6.83912E+02    5.26511E-26
    6.91831E+02    5.26569E-26
    6.99842E+02    5.26445E-26
    7.07946E+02    5.26124E-26
    7.16143E+02    5.25590E-26
    7.24436E+02    5.24826E-26
    7.32825E+02    5.23815E-26
    7.41310E+02    5.22537E-26
    7.49894E+02    5.20973E-26
    7.58578E+02    5.19103E-26
    7.67362E+02    5.16905E-26
    7.76247E+02    5.14358E-26
    7.85236E+02    5.10222E-26
    7.94328E+02    5.05610E-26
    8.03526E+02    5.00598E-26
    8.12831E+02    4.95170E-26
    8.22243E+02    4.89309E-26
    8.31764E+02    4.83005E-26
    8.41395E+02    4.76248E-26
    8.51138E+02    4.69032E-26
    8.60994E+02    4.61357E-26
    8.70964E+02    4.53225E-26
    8.81049E+02    4.46961E-26
    8.91251E+02    4.41221E-26
    9.01571E+02    4.35326E-26
    9.12011E+02    4.29283E-26
    9.22571E+02    4.23101E-26
    9.33254E+02    4.16784E-26
    9.44061E+02    4.10343E-26
    9.54993E+02    4.03786E-26
    9.66051E+02    3.97121E-26
    9.77237E+02    3.89750E-26
    9.88553E+02    3.82133E-26
    1.00000E+03    3.74483E-26
    1.01158E+03    3.66812E-26
    1.02329E+03    3.59129E-26
    1.03514E+03    3.51444E-26
    1.04713E+03    3.43768E-26
    1.05925E+03    3.36110E-26
    1.07152E+03    3.28481E-26
    1.08393E+03    3.20887E-26
    1.09648E+03    3.13340E-26
    1.10917E+03    3.05847E-26
    1.12202E+03    2.98416E-26
    1.13501E+03    2.91056E-26
    1.14815E+03    2.83773E-26
    1.16145E+03    2.76574E-26
    1.17490E+03    2.69467E-26
    1.18850E+03    2.62457E-26
    1.20226E+03    2.55550E-26
    1.21619E+03    2.48615E-26
    1.23027E+03    2.41913E-26
    1.24451E+03    2.35790E-26
    1.25893E+03    2.29818E-26
    1.27350E+03    2.23999E-26
    1.28825E+03    2.18330E-26
    1.30317E+03    2.12810E-26
    1.31826E+03    2.07439E-26
    1.33352E+03    2.02214E-26
    1.34896E+03    1.97133E-26
    1.36458E+03    1.92194E-26
    1.38038E+03    1.87396E-26
    1.39637E+03    1.82735E-26
    1.41254E+03    1.78209E-26
    1.42889E+03    1.73816E-26
    1.44544E+03    1.69552E-26
    1.46218E+03    1.65416E-26
    1.47911E+03    1.61405E-26
    1.49624E+03    1.57515E-26
    1.51356E+03    1.53739E-26
    1.53109E+03    1.50039E-26
    1.54882E+03    1.46459E-26
    1.56675E+03    1.42995E-26
    1.58489E+03    1.39644E-26
    1.60325E+03    1.36403E-26
    1.62181E+03    1.33269E-26
    1.64059E+03    1.30239E-26
    1.65959E+03    1.27308E-26
    1.67880E+03    1.24476E-26
    1.69824E+03    1.21738E-26
    1.71791E+03    1.19093E-26
    1.73780E+03    1.16674E-26
    1.75792E+03    1.14335E-26
    1.77828E+03    1.12067E-26
    1.79887E+03    1.09868E-26
    1.81970E+03    1.07738E-26
    1.84077E+03    1.05676E-26
    1.86209E+03    1.03680E-26
    1.88365E+03    1.01742E-26
    1.90546E+03    9.98294E-27
    1.92752E+03    9.79790E-27
    1.94984E+03    9.61899E-27
    1.97242E+03    9.44606E-27
    1.99526E+03    9.27901E-27
    2.01837E+03    9.11773E-27
    2.04174E+03    8.96207E-27
    2.06538E+03    8.81195E-27
    2.08930E+03    8.66724E-27
    2.11349E+03    8.52784E-27
    2.13796E+03    8.39366E-27
    2.16272E+03    8.26459E-27
    2.18776E+03    8.14054E-27
    2.21309E+03    8.02145E-27
    2.23872E+03    7.90718E-27
    2.26464E+03    7.79769E-27
    2.29087E+03    7.69289E-27
    2.31739E+03    7.59272E-27
    2.34423E+03    7.49567E-27
    2.37137E+03    7.39341E-27
    2.39883E+03    7.29531E-27
    2.42661E+03    7.22275E-27
    2.45471E+03    7.17186E-27
    2.48313E+03    7.12313E-27
    2.51189E+03    7.07660E-27
    2.54097E+03    7.03223E-27
    2.57040E+03    6.98999E-27
    2.60016E+03    6.94989E-27
    2.63027E+03    6.91191E-27
    2.66073E+03    6.87604E-27
    2.69153E+03    6.84225E-27
    2.72270E+03    6.81057E-27
    2.75423E+03    6.78095E-27
    2.78612E+03    6.75341E-27
    2.81838E+03    6.72794E-27
    2.85102E+03    6.70453E-27
    2.88403E+03    6.68316E-27
    2.91743E+03    6.66386E-27
    2.95121E+03    6.63518E-27
    2.98538E+03    6.60710E-27
    3.01995E+03    6.58072E-27
    3.05492E+03    6.55604E-27
    3.09030E+03    6.53304E-27
    3.12608E+03    6.51170E-27
    3.16228E+03    6.49200E-27
    3.19890E+03    6.47392E-27
    3.23594E+03    6.45745E-27
    3.27341E+03    6.44257E-27
    3.31131E+03    6.42926E-27
    3.34965E+03    6.41750E-27
    3.38844E+03    6.40768E-27
    3.42768E+03    6.40236E-27
    3.46737E+03    6.39856E-27
    3.50752E+03    6.39626E-27
    3.54813E+03    6.39546E-27
    3.58922E+03    6.39615E-27
    3.63078E+03    6.39832E-27
    3.67282E+03    6.39169E-27
    3.71535E+03    6.38299E-27
    3.75837E+03    6.37548E-27
    3.80189E+03    6.36913E-27
    3.84592E+03    6.36392E-27
    3.89045E+03    6.35985E-27
    3.93550E+03    6.35687E-27
    3.98107E+03    6.35498E-27
    4.02717E+03    6.35416E-27
    4.07380E+03    6.35437E-27
    4.12098E+03    6.35557E-27
    4.16869E+03    6.35773E-27
    4.21696E+03    6.36087E-27
    4.26580E+03    6.36496E-27
    4.31519E+03    6.36996E-27
    4.36516E+03    6.37587E-27
    4.41570E+03    6.38265E-27
    4.46684E+03    6.39027E-27
    4.51856E+03    6.39871E-27
    4.57088E+03    6.39996E-27
    4.62381E+03    6.39591E-27
    4.67735E+03    6.39247E-27
    4.73151E+03    6.38960E-27
    4.78630E+03    6.39283E-27
    4.84172E+03    6.39881E-27
    4.89779E+03    6.40517E-27
    4.95450E+03    6.41189E-27
    5.01187E+03    6.41892E-27
    5.06991E+03    6.42628E-27
    5.12861E+03    6.43395E-27
    5.18800E+03    6.44190E-27
    5.24807E+03    6.45011E-27
    5.30884E+03    6.45856E-27
    5.37032E+03    6.46722E-27
    5.43250E+03    6.47607E-27
    5.49541E+03    6.48509E-27
    5.55904E+03    6.49424E-27
    5.62341E+03    6.50350E-27
    5.68853E+03    6.50936E-27
    5.75440E+03    6.50681E-27
    5.82103E+03    6.50426E-27
    5.88844E+03    6.50169E-27
    5.95662E+03    6.49906E-27
    6.02560E+03    6.49624E-27
    6.09537E+03    6.49330E-27
    6.16595E+03    6.49024E-27
    6.23735E+03    6.48702E-27
    6.30957E+03    6.48362E-27
    6.38263E+03    6.48003E-27
    6.45654E+03    6.47621E-27
    6.53131E+03    6.47214E-27
    6.60693E+03    6.46780E-27
    6.68344E+03    6.46462E-27
    6.76083E+03    6.46478E-27
    6.83912E+03    6.46483E-27
    6.91831E+03    6.46476E-27
    6.99842E+03    6.46455E-27
    7.07946E+03    6.46300E-27
    7.16143E+03    6.45280E-27
    7.24436E+03    6.44241E-27
    7.32825E+03    6.43182E-27
    7.41310E+03    6.42107E-27
    7.49894E+03    6.41014E-27
    7.58578E+03    6.39903E-27
    7.67361E+03    6.38773E-27
    7.76247E+03    6.37623E-27
    7.85236E+03    6.36452E-27
    7.94328E+03    6.35259E-27
    8.03526E+03    6.34045E-27
    8.12831E+03    6.32808E-27
    8.22243E+03    6.31548E-27
    8.31764E+03    6.30264E-27
    8.41395E+03    6.28956E-27
    8.51138E+03    6.27623E-27
    8.60994E+03    6.26265E-27
    8.70964E+03    6.24881E-27
    8.81049E+03    6.23461E-27
    8.91251E+03    6.21293E-27
    9.01571E+03    6.19107E-27
    9.12011E+03    6.16906E-27
    9.22571E+03    6.14690E-27
    9.33254E+03    6.12459E-27
    9.44061E+03    6.10689E-27
    9.54993E+03    6.08969E-27
    9.66051E+03    6.07236E-27
    9.77237E+03    6.05490E-27
    9.88553E+03    6.03732E-27
    1.00000E+04    6.01961E-27
    1.01158E+04    6.00178E-27
    1.02329E+04    5.98384E-27
    1.03514E+04    5.96579E-27
    1.04713E+04    5.94763E-27
    1.05925E+04    5.92929E-27
    1.07152E+04    5.91086E-27
    1.08393E+04    5.89232E-27
    1.09648E+04    5.87370E-27
    1.10917E+04    5.85111E-27
    1.12202E+04    5.82709E-27
    1.13501E+04    5.80311E-27
    1.14815E+04    5.77917E-27
    1.16145E+04    5.75527E-27
    1.17490E+04    5.73142E-27
    1.18850E+04    5.70764E-27
    1.20226E+04    5.68391E-27
    1.21619E+04    5.66027E-27
    1.23027E+04    5.63670E-27
    1.24451E+04    5.61323E-27
    1.25893E+04    5.58985E-27
    1.27350E+04    5.56653E-27
    1.28825E+04    5.54328E-27
    1.30317E+04    5.52016E-27
    1.31826E+04    5.49997E-27
    1.33352E+04    5.48307E-27
    1.34896E+04    5.46629E-27
    1.36458E+04    5.44963E-27
    1.38038E+04    5.43138E-27
    1.39637E+04    5.41238E-27
    1.41254E+04    5.39356E-27
    1.42889E+04    5.37493E-27
    1.44544E+04    5.35649E-27
    1.46218E+04    5.33825E-27
    1.47911E+04    5.32019E-27
    1.49624E+04    5.30234E-27
    1.51356E+04    5.28468E-27
    1.53109E+04    5.26722E-27
    1.54882E+04    5.24991E-27
    1.56675E+04    5.23282E-27
    1.58489E+04    5.21593E-27
    1.60325E+04    5.19925E-27
    1.62181E+04    5.18279E-27
    1.64059E+04    5.16654E-27
    1.65959E+04    5.15051E-27
    1.67880E+04    5.13470E-27
    1.69824E+04    5.11912E-27
    1.71791E+04    5.10324E-27
    1.73780E+04    5.08686E-27
    1.75792E+04    5.07074E-27
    1.77828E+04    5.05488E-27
    1.79887E+04    5.03929E-27
    1.81970E+04    5.02395E-27
    1.84077E+04    5.00888E-27
    1.86209E+04    4.99402E-27
    1.88365E+04    4.97942E-27
    1.90546E+04    4.96508E-27
    1.92752E+04    4.95101E-27
    1.94984E+04    4.93721E-27
    1.97242E+04    4.92368E-27
    1.99526E+04    4.91042E-27
    2.01837E+04    4.89742E-27
    2.04174E+04    4.88470E-27
    2.06538E+04    4.87224E-27
    2.08930E+04    4.86006E-27
    2.11349E+04    4.84815E-27
    2.13796E+04    4.83626E-27
    2.16272E+04    4.82410E-27
    2.18776E+04    4.81224E-27
    2.21309E+04    4.80067E-27
    2.23872E+04    4.78936E-27
    2.26464E+04    4.77832E-27
    2.29087E+04    4.76757E-27
    2.31739E+04    4.75711E-27
    2.34423E+04    4.74695E-27
    2.37137E+04    4.73707E-27
    2.39883E+04    4.72749E-27
    2.42661E+04    4.71820E-27
    2.45471E+04    4.70919E-27
    2.48313E+04    4.70048E-27
    2.51189E+04    4.69205E-27
    2.54097E+04    4.68391E-27
    2.57040E+04    4.67606E-27
    2.60016E+04    4.67006E-27
    2.63027E+04    4.66514E-27
    2.66073E+04    4.66038E-27
    2.69153E+04    4.65296E-27
    2.72270E+04    4.64573E-27
    2.75423E+04    4.63881E-27
    2.78612E+04    4.63220E-27
    2.81838E+04    4.62589E-27
    2.85102E+04    4.61988E-27
    2.88403E+04    4.61418E-27
    2.91743E+04    4.60876E-27
    2.95121E+04    4.60365E-27
    2.98538E+04    4.59882E-27
    3.01995E+04    4.59429E-27
    3.05492E+04    4.59005E-27
    3.09030E+04    4.58609E-27
    3.12608E+04    4.58242E-27
    3.16228E+04    4.57903E-27
    3.19890E+04    4.57593E-27
    3.23594E+04    4.57311E-27
    3.27341E+04    4.57051E-27
    3.31131E+04    4.56818E-27
    3.34965E+04    4.56504E-27
    3.38844E+04    4.56190E-27
    3.42768E+04    4.55907E-27
    3.46737E+04    4.55656E-27
    3.50752E+04    4.55436E-27
    3.54813E+04    4.55246E-27
    3.58922E+04    4.55087E-27
    3.63078E+04    4.54975E-27
    3.67282E+04    4.54949E-27
    3.71535E+04    4.54950E-27
    3.75837E+04    4.54978E-27
    3.80189E+04    4.55034E-27
    3.84592E+04    4.55116E-27
    3.89045E+04    4.55225E-27
    3.93550E+04    4.55341E-27
    3.98107E+04    4.55474E-27
    4.02717E+04    4.55632E-27
    4.07380E+04    4.55815E-27
    4.12098E+04    4.56025E-27
    4.16869E+04    4.56234E-27
    4.21696E+04    4.56463E-27
    4.26580E+04    4.56718E-27
    4.31519E+04    4.56999E-27
    4.36516E+04    4.57306E-27
    4.41570E+04    4.57638E-27
    4.46684E+04    4.57995E-27
    4.51856E+04    4.58378E-27
    4.57088E+04    4.58786E-27
    4.62381E+04    4.59219E-27
    4.67735E+04    4.59676E-27
    4.73151E+04    4.60146E-27
    4.78630E+04    4.60616E-27
    4.84172E+04    4.61109E-27
    4.89779E+04    4.61626E-27
    4.95450E+04    4.62166E-27
    5.01187E+04    4.62729E-27
    5.06991E+04    4.63317E-27
    5.12861E+04    4.63960E-27
    5.18800E+04    4.64625E-27
    5.24807E+04    4.65306E-27
    5.30884E+04    4.66009E-27
    5.37032E+04    4.66733E-27
    5.43250E+04    4.67479E-27
    5.49541E+04    4.68246E-27
    5.55904E+04    4.69035E-27
    5.62341E+04    4.69845E-27
    5.68853E+04    4.70676E-27
    5.75440E+04    4.71498E-27
    5.82103E+04    4.72340E-27
    5.88844E+04    4.73203E-27
    5.95662E+04    4.74086E-27
    6.02560E+04    4.74989E-27
    6.09537E+04    4.75913E-27
    6.16595E+04    4.76857E-27
    6.23735E+04    4.77821E-27
    6.30957E+04    4.78805E-27
    6.38263E+04    4.79810E-27
    6.45654E+04    4.80828E-27
    6.53131E+04    4.81855E-27
    6.60693E+04    4.82903E-27
    6.68344E+04    4.83971E-27
    6.76083E+04    4.85059E-27
    6.83912E+04    4.86168E-27
    6.91831E+04    4.87260E-27
    6.99842E+04    4.88353E-27
    7.07946E+04    4.89465E-27
    7.16143E+04    4.90603E-27
    7.24436E+04    4.91768E-27
    7.32825E+04    4.92952E-27
    7.41310E+04    4.94155E-27
    7.49894E+04    4.95376E-27
    7.58578E+04    4.96615E-27
    7.67361E+04    4.97873E-27
    7.76247E+04    4.99149E-27
    7.85236E+04    5.00443E-27
    7.94328E+04    5.01756E-27
    8.03526E+04    5.03085E-27
    8.12831E+04    5.04426E-27
    8.22243E+04    5.05786E-27
    8.31764E+04    5.07160E-27
    8.41395E+04    5.08546E-27
    8.51138E+04    5.09950E-27
    8.60994E+04    5.11371E-27
    8.70964E+04    5.12811E-27
    8.81049E+04    5.14269E-27
    8.91251E+04    5.15745E-27
    9.01571E+04    5.17239E-27
    9.12011E+04    5.18751E-27
    9.22571E+04    5.20280E-27
    9.33254E+04    5.21828E-27
    9.44061E+04    5.23393E-27
    9.54993E+04    5.24976E-27
    9.66051E+04    5.26577E-27
    9.77237E+04    5.28195E-27
    9.88553E+04    5.29832E-27
